width: 640
height: 480
# With distortion (fx, fy, cx, cy, k1, k2, p1, p2)
calibration:  [1112.0520821098294, 1148.1829000581945, 365.3506958964374, 254.33019839059864, 0.04953664855006144, 0.9323349990780413, -0.0015539703416387871, 0.008436620156965233, 2.990716737513993]
